$ANSIBLE_VAULT;1.1;AES256
39303764636262306639666135616333643036643732653861663666386139333062303366303364
3333663231666132326265303430376537393934316564380a383261653964326364626138336265
62643565643566363534316565306662366531363135663562323832636362336262353236386230
3461316437333763630a633635353439396264656239376462386165306438653066356161323230
63393237383637376530303332316132333466623961376262323866636532666235613061646365
39323137333931633639326666373363666639353964396262633066663138333036623834636236
38666466633464343862303431356165623466663039303531326538346164666234323230363363
63386232306132646138333435326530336238346133353030646231306631353339333361333438
36663362633861346438663862346134366364366266663232376464346563376630373036663038
38353365323130343264376130386432616435643735353337373465366138396433313135336332
30613065373830626235623539636531633161653038333139613365353037613634303834373665
65393032333365393462323366386531336335616530653934633561633764616666303762306439
62653962663238333739356566623932336131623732396662613962333332616430383938303465
61633338646633313934376535393962303535383262666234343239353232623732383363363064
61313034353365343434333566326562633230353033626465626362343932336636626361366530
31653764393131663137633434333532613262653766356134316134363664376338303334656636
65303937373435373939333463373133666262373235336232363830396166346230353134616637
33666332323837663534623666326236313332656463623231366533303535643466363233373933
36366466306138343065626639626632393432343038326337383331363137613964643232376434
37646431376165373334303437623236613661383234363335333834656661653438386464643236
64396161623338656334383333643639313362353564366535666264653861333530323933346536
38646332363430616138386238373663363664653038313337336536346565383966633036343335
30353237323136373862373462666563343163623138613463363730363536646134626530613938
31653636313963316335393930303338626633396265373431383039616230383061356263376133
38633330313066346164386433376238373062313433663463396137353564323662636638613462
62636631336530336335313436366233396566333033306366383833643232623666626134313532
37643832303766383731613266363134306362333865623437653565613236383166656266373362
65656162663039333464353765366139346635333233646432303639623930333930376239363066
38613233353239636435666536616536333831376433336666623938333261333530303538366664
66633361613531623536666234663862313539333932356663643339336330623130313766396536
36633533313030636237313230363662643831363061656638383435313766313365326366393666
66343863666637346337636337363264363365666531313039363066653339616534353939323238
33326563323130646634653362386335313663613665356464353462303432363566356636613134
33613336323634643035613163353764646533353334353838633431643232393739393663633062
37653935376662383033643863663134356639363439323637656262383762336366313437656266
30313630623137653836343434643931393233396266643137303235613335623135653837353065
38663837623632313664396332653238326633396162316263383165623962343635313663346230
37643039356230303866636266393537313830363138343132373364666463643936633431303237
32653461616438313866323831383662653963663561343536393136643237653633666364306166
65393332666438343930383931363231316338366639316430613732353437353863326437316431
61386134316161383136306638666532303566373439393636346636616466653333316365333665
35343261343166323862383363626537373766663266373638313732663337633164373561663362
34396539313163656235643332373965393763303064323835393939623934373331326139643739
39653737336536343264346664666564386538393533656365336337373231373564386666343937
31383135643036326165643136393362656430346533666237663639623333663831633537653135
31373732623365626533313732303931653162313764393262663865396139636334366163356633
30346262386334366137366362663035383362316166316534323362626364666164633362336136
66616465326532636239313637653466386564363766303261303230376265383039306366326635
64653161663465373631643237343139356563313165396632666365356363353364386462303165
35333864346164323739316530656133363936316662316465323236323562336233323334373266
32326462373433313063323430653761646430653164383735396637356534393835623562336438
30306539323135666538
